3.507630611296967e-10
2.173227234431999e-09
4.884423155931151e-20
1.7771483288948233e-17
7.975248980184424e-23
5.340873203350317e-18
2.4416164056831645e-15
6.840894436144912e-28
5.093822808741611e-25
0.00011673778439000377
5.1258538410166446e-11
1.2792412158547992e-14
7.010314386863019e-18
6.612778609398222e-08
2.2092590078348226e-12
9.34955740601436e-08
2.7597007606841897e-05
1.0668183306615892e-07
1.8818930605839504e-20
2.230131456589042e-24
4.443320259908559e-42
6.594667820580097e-38
2.628236547984497e-27
1.8240960850803186e-18
2.893497458743772e-22
3.1550011915987616e-13
1.1426517449239036e-08
4.095303110290344e-11
9.962420358956079e-26
4.950775950317411e-17
2.134404969411835e-15
1.5505429888243592e-21
2.2788633706119998e-23
2.060821052495351e-15
1.5427358024428245e-21
1.258270830596351e-24
1.7457469259745293e-14
6.363450667657615e-16
7.138553403100757e-21
1.158949341127632e-13
1.707071792369463e-17
3.0275488814192383e-19
9.140972166017046e-18
1.2760526559217274e-20
6.89131625511031e-20
5.891036201105492e-23
5.704515408553553e-11
1.4435182848462306e-10
1.9587137190822626e-22
2.971863341579975e-22
2.218222667357461e-21
2.1619106983012948e-20
1.0580180472160213e-09
3.1972224200542546e-09
3.1972224200542546e-09
1.1248525925933582e-15
1.128013098374851e-16
3.4190982875733323e-06
9.155713172649625e-14
8.654057223120516e-18
7.745677739160252e-07
1.90774409036004e-19
1.0581208620858496e-19
7.79313447206578e-14
2.8033613079400696e-31
3.034653700347752e-21
8.857475437276762e-08
1.2455286619017139e-05
8.54774571893333e-06
3.294585631803499e-27
1.2514891243281337e-20
7.374445178689544e-27
1.9465769278919405e-16
7.820739006298262e-13
6.089634847750227e-30
1.6735335123012332e-13
6.034806672148756e-11
8.993682171695288e-16
2.6541218362260932e-12
3.164104950074121e-16
8.158434318267356e-13
9.56228034041655e-08
1.7095491437866661e-06
3.6597465893202226e-10
2.318264721315349e-32
8.898237453959664e-11
1.0882984395515737e-57
3.3758420358947346e-23
8.840811286439617e-05
1.8080896889764026e-21
5.290907204846742e-12
3.3745705409789746e-15
9.841639374751958e-08
3.017113286443568e-13
3.0043527515675363e-18
1.218118795490782e-17
1.0245896654730896e-10
8.86596450000393e-21
1.3100039988462228e-22
6.969410639924642e-13
3.507630611296967e-10
2.173227234431999e-09
4.884423155931151e-20
1.7771483288948233e-17
7.975248980184424e-23
5.340873203350317e-18
2.4416164056831645e-15
6.840894436144912e-28
5.093822808741611e-25
0.00011673778439000377
5.1258538410166446e-11
1.2792412158547992e-14
7.010314386863019e-18
6.612778609398222e-08
2.2092590078348226e-12
9.34955740601436e-08
2.7597007606841897e-05
1.0668183306615892e-07
1.8818930605839504e-20
2.230131456589042e-24
4.443320259908559e-42
6.594667820580097e-38
2.628236547984497e-27
1.8240960850803186e-18
2.893497458743772e-22
3.1550011915987616e-13
1.1426517449239036e-08
4.095303110290344e-11
9.962420358956079e-26
4.950775950317411e-17
2.134404969411835e-15
1.5505429888243592e-21
2.2788633706119998e-23
2.060821052495351e-15
1.5427358024428245e-21
1.258270830596351e-24
1.7457469259745293e-14
6.363450667657615e-16
7.138553403100757e-21
1.158949341127632e-13
1.707071792369463e-17
3.0275488814192383e-19
9.140972166017046e-18
1.2760526559217274e-20
6.89131625511031e-20
5.891036201105492e-23
5.704515408553553e-11
1.4435182848462306e-10
1.9587137190822626e-22
2.971863341579975e-22
2.218222667357461e-21
2.1619106983012948e-20
1.0580180472160213e-09
3.1972224200542546e-09
3.1972224200542546e-09
1.1248525925933582e-15
1.128013098374851e-16
3.4190982875733323e-06
9.155713172649625e-14
8.654057223120516e-18
7.745677739160252e-07
1.90774409036004e-19
1.0581208620858496e-19
7.79313447206578e-14
2.8033613079400696e-31
3.034653700347752e-21
8.857475437276762e-08
1.2455286619017139e-05
8.54774571893333e-06
3.294585631803499e-27
1.2514891243281337e-20
7.374445178689544e-27
1.9465769278919405e-16
7.820739006298262e-13
6.089634847750227e-30
1.6735335123012332e-13
6.034806672148756e-11
8.993682171695288e-16
2.6541218362260932e-12
3.164104950074121e-16
8.158434318267356e-13
9.56228034041655e-08
1.7095491437866661e-06
3.6597465893202226e-10
2.318264721315349e-32
8.898237453959664e-11
1.0882984395515737e-57
3.3758420358947346e-23
8.840811286439617e-05
1.8080896889764026e-21
5.290907204846742e-12
3.3745705409789746e-15
9.841639374751958e-08
3.017113286443568e-13
3.0043527515675363e-18
1.218118795490782e-17
1.0245896654730896e-10
8.86596450000393e-21
1.3100039988462228e-22
6.969410639924642e-13
3.507630611296967e-10
2.173227234431999e-09
4.884423155931151e-20
1.7771483288948233e-17
7.975248980184424e-23
5.340873203350317e-18
2.4416164056831645e-15
6.840894436144912e-28
5.093822808741611e-25
0.00011673778439000377
5.1258538410166446e-11
1.2792412158547992e-14
7.010314386863019e-18
6.612778609398222e-08
2.2092590078348226e-12
9.34955740601436e-08
2.7597007606841897e-05
1.0668183306615892e-07
1.8818930605839504e-20
2.230131456589042e-24
4.443320259908559e-42
6.594667820580097e-38
2.628236547984497e-27
1.8240960850803186e-18
2.893497458743772e-22
3.1550011915987616e-13
1.1426517449239036e-08
4.095303110290344e-11
9.962420358956079e-26
4.950775950317411e-17
2.134404969411835e-15
1.5505429888243592e-21
2.2788633706119998e-23
2.060821052495351e-15
1.5427358024428245e-21
1.258270830596351e-24
1.7457469259745293e-14
6.363450667657615e-16
7.138553403100757e-21
1.158949341127632e-13
1.707071792369463e-17
3.0275488814192383e-19
9.140972166017046e-18
1.2760526559217274e-20
6.89131625511031e-20
5.891036201105492e-23
5.704515408553553e-11
1.4435182848462306e-10
1.9587137190822626e-22
2.971863341579975e-22
2.218222667357461e-21
2.1619106983012948e-20
1.0580180472160213e-09
3.1972224200542546e-09
3.1972224200542546e-09
1.1248525925933582e-15
1.128013098374851e-16
3.4190982875733323e-06
9.155713172649625e-14
8.654057223120516e-18
7.745677739160252e-07
1.90774409036004e-19
1.0581208620858496e-19
7.79313447206578e-14
2.8033613079400696e-31
3.034653700347752e-21
8.857475437276762e-08
1.2455286619017139e-05
8.54774571893333e-06
3.294585631803499e-27
1.2514891243281337e-20
7.374445178689544e-27
1.9465769278919405e-16
7.820739006298262e-13
6.089634847750227e-30
1.6735335123012332e-13
6.034806672148756e-11
8.993682171695288e-16
2.6541218362260932e-12
3.164104950074121e-16
8.158434318267356e-13
9.56228034041655e-08
1.7095491437866661e-06
3.6597465893202226e-10
2.318264721315349e-32
8.898237453959664e-11
1.0882984395515737e-57
3.3758420358947346e-23
8.840811286439617e-05
1.8080896889764026e-21
5.290907204846742e-12
3.3745705409789746e-15
9.841639374751958e-08
3.017113286443568e-13
3.0043527515675363e-18
1.218118795490782e-17
1.0245896654730896e-10
8.86596450000393e-21
1.3100039988462228e-22
6.969410639924642e-13
