2.4859681879822354e-09
6.673526027637485e-08
5.307150396665594e-15
3.0249666532349845e-14
1.9553559198324197e-19
3.1802106064016785e-13
1.5140201676981445e-12
1.2690273825602036e-19
4.006103471319678e-15
0.0009655769072642776
6.387655112369325e-08
3.471808742626304e-09
2.497801528480515e-14
1.5008856811765085e-05
1.0983038586542969e-11
7.700005198296553e-06
2.3348899829695348e-05
4.303341322552939e-06
6.508440811802774e-13
1.992341409331326e-16
1.8357984158495046e-26
4.343961448930736e-28
7.227336507683467e-18
1.3859085959922444e-13
4.915783750759443e-15
4.3510225637624536e-10
6.020430315607441e-06
1.0949127814846625e-09
1.604092452714992e-19
3.5205345375425266e-12
2.5951474190535484e-09
1.8650216812761444e-15
7.612241173612335e-14
3.802774327820338e-11
1.4292008798552348e-17
8.890473464131972e-16
6.350952234408925e-08
3.576309798766606e-08
2.3760540966159937e-12
3.047228952902492e-10
1.9176286787286255e-13
3.1037983494334536e-12
1.4342744482813911e-11
2.093949250393228e-15
5.5405538887577e-13
1.9371943488637062e-14
2.5417208338976916e-09
3.519416279069187e-10
1.039539047133659e-15
1.1801960463500284e-19
7.07434156212929e-17
1.4925013043737984e-14
5.638883291789833e-06
0.00019304305295428072
0.00019304305295428072
8.903554437016241e-13
2.5098819401686936e-12
2.4982497768310077e-06
2.509603969421268e-08
3.421069684809015e-14
0.0019501473979421898
1.1887600102172398e-14
9.462307221125123e-13
4.815080312452826e-12
3.091673591263429e-22
2.73909269829112e-16
1.4828311493427466e-06
3.319894284575391e-05
1.0294446567101182e-05
4.1900352544570384e-19
2.4451017108557243e-15
4.1882510556900265e-20
1.4664095518697987e-10
5.098151370360557e-09
7.24283920333833e-20
1.0106740726531275e-07
7.536016441037051e-09
2.2272050386058166e-12
6.2566754700934555e-09
7.997137175545021e-14
5.756454138475581e-10
1.0217827631845332e-07
0.00015159751075781897
1.7669038560887536e-07
3.643476438775136e-19
5.5382486135990555e-11
4.902479519334654e-45
7.099013111948414e-20
0.001148385893650287
2.094825297198853e-17
6.3802441108518e-11
2.5404308558326634e-08
3.903807685384172e-06
2.862040523503079e-09
3.7028761164158233e-13
2.4459502378882592e-11
4.474984290036505e-07
1.076262496858167e-14
3.910381764960774e-16
1.0171364112687315e-10
2.4859681879822354e-09
6.673526027637485e-08
5.307150396665594e-15
3.0249666532349845e-14
1.9553559198324197e-19
3.1802106064016785e-13
1.5140201676981445e-12
1.2690273825602036e-19
4.006103471319678e-15
0.0009655769072642776
6.387655112369325e-08
3.471808742626304e-09
2.497801528480515e-14
1.5008856811765085e-05
1.0983038586542969e-11
7.700005198296553e-06
2.3348899829695348e-05
4.303341322552939e-06
6.508440811802774e-13
1.992341409331326e-16
1.8357984158495046e-26
4.343961448930736e-28
7.227336507683467e-18
1.3859085959922444e-13
4.915783750759443e-15
4.3510225637624536e-10
6.020430315607441e-06
1.0949127814846625e-09
1.604092452714992e-19
3.5205345375425266e-12
2.5951474190535484e-09
1.8650216812761444e-15
7.612241173612335e-14
3.802774327820338e-11
1.4292008798552348e-17
8.890473464131972e-16
6.350952234408925e-08
3.576309798766606e-08
2.3760540966159937e-12
3.047228952902492e-10
1.9176286787286255e-13
3.1037983494334536e-12
1.4342744482813911e-11
2.093949250393228e-15
5.5405538887577e-13
1.9371943488637062e-14
2.5417208338976916e-09
3.519416279069187e-10
1.039539047133659e-15
1.1801960463500284e-19
7.07434156212929e-17
1.4925013043737984e-14
5.638883291789833e-06
0.00019304305295428072
0.00019304305295428072
8.903554437016241e-13
2.5098819401686936e-12
2.4982497768310077e-06
2.509603969421268e-08
3.421069684809015e-14
0.0019501473979421898
1.1887600102172398e-14
9.462307221125123e-13
4.815080312452826e-12
3.091673591263429e-22
2.73909269829112e-16
1.4828311493427466e-06
3.319894284575391e-05
1.0294446567101182e-05
4.1900352544570384e-19
2.4451017108557243e-15
4.1882510556900265e-20
1.4664095518697987e-10
5.098151370360557e-09
7.24283920333833e-20
1.0106740726531275e-07
7.536016441037051e-09
2.2272050386058166e-12
6.2566754700934555e-09
7.997137175545021e-14
5.756454138475581e-10
1.0217827631845332e-07
0.00015159751075781897
1.7669038560887536e-07
3.643476438775136e-19
5.5382486135990555e-11
4.902479519334654e-45
7.099013111948414e-20
0.001148385893650287
2.094825297198853e-17
6.3802441108518e-11
2.5404308558326634e-08
3.903807685384172e-06
2.862040523503079e-09
3.7028761164158233e-13
2.4459502378882592e-11
4.474984290036505e-07
1.076262496858167e-14
3.910381764960774e-16
1.0171364112687315e-10
2.4859681879822354e-09
6.673526027637485e-08
5.307150396665594e-15
3.0249666532349845e-14
1.9553559198324197e-19
3.1802106064016785e-13
1.5140201676981445e-12
1.2690273825602036e-19
4.006103471319678e-15
0.0009655769072642776
6.387655112369325e-08
3.471808742626304e-09
2.497801528480515e-14
1.5008856811765085e-05
1.0983038586542969e-11
7.700005198296553e-06
2.3348899829695348e-05
4.303341322552939e-06
6.508440811802774e-13
1.992341409331326e-16
1.8357984158495046e-26
4.343961448930736e-28
7.227336507683467e-18
1.3859085959922444e-13
4.915783750759443e-15
4.3510225637624536e-10
6.020430315607441e-06
1.0949127814846625e-09
1.604092452714992e-19
3.5205345375425266e-12
2.5951474190535484e-09
1.8650216812761444e-15
7.612241173612335e-14
3.802774327820338e-11
1.4292008798552348e-17
8.890473464131972e-16
6.350952234408925e-08
3.576309798766606e-08
2.3760540966159937e-12
3.047228952902492e-10
1.9176286787286255e-13
3.1037983494334536e-12
1.4342744482813911e-11
2.093949250393228e-15
5.5405538887577e-13
1.9371943488637062e-14
2.5417208338976916e-09
3.519416279069187e-10
1.039539047133659e-15
1.1801960463500284e-19
7.07434156212929e-17
1.4925013043737984e-14
5.638883291789833e-06
0.00019304305295428072
0.00019304305295428072
8.903554437016241e-13
2.5098819401686936e-12
2.4982497768310077e-06
2.509603969421268e-08
3.421069684809015e-14
0.0019501473979421898
1.1887600102172398e-14
9.462307221125123e-13
4.815080312452826e-12
3.091673591263429e-22
2.73909269829112e-16
1.4828311493427466e-06
3.319894284575391e-05
1.0294446567101182e-05
4.1900352544570384e-19
2.4451017108557243e-15
4.1882510556900265e-20
1.4664095518697987e-10
5.098151370360557e-09
7.24283920333833e-20
1.0106740726531275e-07
7.536016441037051e-09
2.2272050386058166e-12
6.2566754700934555e-09
7.997137175545021e-14
5.756454138475581e-10
1.0217827631845332e-07
0.00015159751075781897
1.7669038560887536e-07
3.643476438775136e-19
5.5382486135990555e-11
4.902479519334654e-45
7.099013111948414e-20
0.001148385893650287
2.094825297198853e-17
6.3802441108518e-11
2.5404308558326634e-08
3.903807685384172e-06
2.862040523503079e-09
3.7028761164158233e-13
2.4459502378882592e-11
4.474984290036505e-07
1.076262496858167e-14
3.910381764960774e-16
1.0171364112687315e-10
